E:\cry\keras-yolo3/VOCdevkit/VOC2007/JPEGImages/1.jpg 1327,241,1405,320,0 337,1011,373,1055,2 227,819,374,1056,1 1511,355,1663,399,3 176,713,274,807,4
E:\cry\keras-yolo3/VOCdevkit/VOC2007/JPEGImages/10.jpg 261,614,348,692,0 274,676,338,710,2 288,672,396,850,1 1511,353,1664,393,3 177,727,276,817,4
E:\cry\keras-yolo3/VOCdevkit/VOC2007/JPEGImages/100.jpg 923,861,963,894,2 900,990,930,1024,2 245,913,301,945,2 224,915,314,1009,0 151,817,301,960,1 884,852,931,1023,1 1513,351,1664,394,3 140,711,226,802,4 920,769,968,831,4
E:\cry\keras-yolo3/VOCdevkit/VOC2007/JPEGImages/1000.jpg 1693,530,1746,583,0 1685,501,1808,550,3
E:\cry\keras-yolo3/VOCdevkit/VOC2007/JPEGImages/1001.jpg 1722,488,1779,542,0 1685,502,1808,550,3
E:\cry\keras-yolo3/VOCdevkit/VOC2007/JPEGImages/1002.jpg 1686,484,1743,542,0 1685,501,1808,551,3
E:\cry\keras-yolo3/VOCdevkit/VOC2007/JPEGImages/1003.jpg 1650,495,1708,553,0 1684,501,1808,551,3
E:\cry\keras-yolo3/VOCdevkit/VOC2007/JPEGImages/1004.jpg 1617,566,1677,626,0 1684,501,1807,551,3
E:\cry\keras-yolo3/VOCdevkit/VOC2007/JPEGImages/1005.jpg 1583,704,1644,765,0 1685,500,1808,551,3
E:\cry\keras-yolo3/VOCdevkit/VOC2007/JPEGImages/1006.jpg 1541,919,1605,982,0 1685,501,1808,551,3
E:\cry\keras-yolo3/VOCdevkit/VOC2007/JPEGImages/1007.jpg 1495,1208,1559,1271,0 1685,500,1807,551,3
E:\cry\keras-yolo3/VOCdevkit/VOC2007/JPEGImages/1008.jpg 1467,1047,1531,1111,0 1685,500,1808,551,3
E:\cry\keras-yolo3/VOCdevkit/VOC2007/JPEGImages/1009.jpg 1089,1079,1136,1126,0 1686,499,1809,549,3
E:\cry\keras-yolo3/VOCdevkit/VOC2007/JPEGImages/1010.jpg 1114,1044,1162,1092,0 1684,499,1808,548,3
E:\cry\keras-yolo3/VOCdevkit/VOC2007/JPEGImages/1012.jpg 1187,1027,1239,1078,0 1687,498,1810,549,3
E:\cry\keras-yolo3/VOCdevkit/VOC2007/JPEGImages/1013.jpg 1234,1018,1286,1069,0 1686,498,1810,545,3
E:\cry\keras-yolo3/VOCdevkit/VOC2007/JPEGImages/1014.jpg 1290,995,1338,1050,0 1685,499,1806,549,3
E:\cry\keras-yolo3/VOCdevkit/VOC2007/JPEGImages/1015.jpg 1346,980,1395,1037,0 1687,500,1810,550,3
E:\cry\keras-yolo3/VOCdevkit/VOC2007/JPEGImages/1016.jpg 1395,957,1448,1015,0 1685,498,1809,549,3
E:\cry\keras-yolo3/VOCdevkit/VOC2007/JPEGImages/1017.jpg 1429,900,1484,960,0 1685,497,1808,549,3
E:\cry\keras-yolo3/VOCdevkit/VOC2007/JPEGImages/1018.jpg 1466,826,1526,885,0 1686,498,1810,548,3
E:\cry\keras-yolo3/VOCdevkit/VOC2007/JPEGImages/1020.jpg 672,906,714,947,0 1686,499,1809,548,3
E:\cry\keras-yolo3/VOCdevkit/VOC2007/JPEGImages/1021.jpg 663,905,704,947,0 1687,499,1808,546,3
E:\cry\keras-yolo3/VOCdevkit/VOC2007/JPEGImages/1022.jpg 655,907,698,946,0 1685,499,1810,548,3
E:\cry\keras-yolo3/VOCdevkit/VOC2007/JPEGImages/1023.jpg 651,911,690,954,0 1685,498,1808,546,3
E:\cry\keras-yolo3/VOCdevkit/VOC2007/JPEGImages/1025.jpg 1543,640,1604,700,0 1686,498,1810,547,3
E:\cry\keras-yolo3/VOCdevkit/VOC2007/JPEGImages/1026.jpg 1576,574,1640,633,0 1685,498,1810,547,3
E:\cry\keras-yolo3/VOCdevkit/VOC2007/JPEGImages/1027.jpg 1610,524,1670,582,0 1686,498,1811,547,3
E:\cry\keras-yolo3/VOCdevkit/VOC2007/JPEGImages/1028.jpg 1628,489,1688,549,0 1685,500,1810,547,3
E:\cry\keras-yolo3/VOCdevkit/VOC2007/JPEGImages/1029.jpg 1618,471,1676,530,0 1686,496,1809,548,3
E:\cry\keras-yolo3/VOCdevkit/VOC2007/JPEGImages/103.jpg 279,592,330,652,2 326,495,410,578,0 343,570,382,630,2 984,1005,1008,1047,2 1066,950,1090,991,2 280,572,383,807,1 983,851,1007,1044,1 1513,352,1663,394,3 142,699,242,782,4 1006,767,1057,822,4
E:\cry\keras-yolo3/VOCdevkit/VOC2007/JPEGImages/1030.jpg 1609,470,1668,529,0 1685,499,1809,549,3
E:\cry\keras-yolo3/VOCdevkit/VOC2007/JPEGImages/1032.jpg 1591,510,1649,570,0 1687,498,1808,547,3
E:\cry\keras-yolo3/VOCdevkit/VOC2007/JPEGImages/1033.jpg 1584,554,1642,613,0 1686,499,1810,549,3
E:\cry\keras-yolo3/VOCdevkit/VOC2007/JPEGImages/1034.jpg 1574,611,1635,672,0 1686,498,1810,549,3
E:\cry\keras-yolo3/VOCdevkit/VOC2007/JPEGImages/1035.jpg 1567,688,1627,749,0 1686,498,1808,545,3
E:\cry\keras-yolo3/VOCdevkit/VOC2007/JPEGImages/1036.jpg 1560,783,1618,844,0 1687,499,1811,548,3
E:\cry\keras-yolo3/VOCdevkit/VOC2007/JPEGImages/1037.jpg 1555,871,1616,931,0 1683,497,1811,546,3
E:\cry\keras-yolo3/VOCdevkit/VOC2007/JPEGImages/1038.jpg 1571,933,1632,989,0 1686,499,1810,547,3
E:\cry\keras-yolo3/VOCdevkit/VOC2007/JPEGImages/1039.jpg 1590,969,1652,1026,0 1686,498,1810,549,3
E:\cry\keras-yolo3/VOCdevkit/VOC2007/JPEGImages/104.jpg 373,782,415,806,2 439,773,486,808,2 1004,1008,1029,1048,2 1108,986,1125,1024,2 861,164,939,244,0 239,772,485,848,1 992,854,1031,1047,1 1512,352,1664,394,3 160,709,261,800,4 1017,764,1068,818,4
E:\cry\keras-yolo3/VOCdevkit/VOC2007/JPEGImages/1041.jpg 1640,1004,1700,1065,0 1686,499,1809,549,3
E:\cry\keras-yolo3/VOCdevkit/VOC2007/JPEGImages/1042.jpg 1656,1007,1723,1072,0 1686,497,1807,548,3
E:\cry\keras-yolo3/VOCdevkit/VOC2007/JPEGImages/1043.jpg 1672,1005,1740,1070,0 1686,497,1809,547,3
E:\cry\keras-yolo3/VOCdevkit/VOC2007/JPEGImages/1045.jpg 1684,1000,1754,1068,0 1685,499,1809,548,3
E:\cry\keras-yolo3/VOCdevkit/VOC2007/JPEGImages/1046.jpg 1681,1000,1749,1068,0 1686,498,1809,548,3
E:\cry\keras-yolo3/VOCdevkit/VOC2007/JPEGImages/1049.jpg 1643,1001,1708,1071,0 1686,499,1808,548,3
E:\cry\keras-yolo3/VOCdevkit/VOC2007/JPEGImages/105.jpg 12,995,79,1044,2 89,999,142,1049,2 1026,1002,1054,1045,2 1333,191,1411,274,0 88,820,255,1046,1 1005,854,1055,1041,1 1513,353,1665,395,3 171,716,271,806,4 1034,760,1091,817,4
E:\cry\keras-yolo3/VOCdevkit/VOC2007/JPEGImages/1050.jpg 1622,1000,1687,1066,0 1686,498,1809,547,3
E:\cry\keras-yolo3/VOCdevkit/VOC2007/JPEGImages/1051.jpg 1599,990,1663,1054,0 1686,498,1810,548,3
E:\cry\keras-yolo3/VOCdevkit/VOC2007/JPEGImages/1053.jpg 1536,980,1600,1041,0 1686,498,1809,546,3
E:\cry\keras-yolo3/VOCdevkit/VOC2007/JPEGImages/1054.jpg 1504,975,1567,1035,0 1684,498,1812,546,3
E:\cry\keras-yolo3/VOCdevkit/VOC2007/JPEGImages/1056.jpg 1456,944,1516,1002,0 1685,500,1810,547,3
E:\cry\keras-yolo3/VOCdevkit/VOC2007/JPEGImages/1058.jpg 1408,919,1468,978,0 1685,498,1811,548,3
E:\cry\keras-yolo3/VOCdevkit/VOC2007/JPEGImages/1059.jpg 1382,924,1442,979,0 1685,498,1807,548,3
E:\cry\keras-yolo3/VOCdevkit/VOC2007/JPEGImages/106.jpg 1623,291,1700,367,0 1065,1007,1092,1049,2 175,828,228,1079,1 1055,851,1096,1049,1 1511,352,1664,394,3 156,720,249,811,4 1086,765,1144,818,4
E:\cry\keras-yolo3/VOCdevkit/VOC2007/JPEGImages/1062.jpg 1299,941,1355,996,0 1684,498,1808,547,3
E:\cry\keras-yolo3/VOCdevkit/VOC2007/JPEGImages/1063.jpg 1272,947,1328,1000,0 1687,499,1809,548,3
E:\cry\keras-yolo3/VOCdevkit/VOC2007/JPEGImages/1064.jpg 1245,955,1302,1008,0 1685,499,1811,546,3
E:\cry\keras-yolo3/VOCdevkit/VOC2007/JPEGImages/1065.jpg 1219,963,1272,1013,0 1687,499,1810,548,3
E:\cry\keras-yolo3/VOCdevkit/VOC2007/JPEGImages/1066.jpg 1190,962,1244,1014,0 1685,499,1809,547,3
E:\cry\keras-yolo3/VOCdevkit/VOC2007/JPEGImages/1067.jpg 1164,951,1219,1000,0 1685,499,1809,546,3
E:\cry\keras-yolo3/VOCdevkit/VOC2007/JPEGImages/1069.jpg 1116,931,1168,978,0 1686,499,1811,545,3
E:\cry\keras-yolo3/VOCdevkit/VOC2007/JPEGImages/107.jpg 324,927,355,965,2 322,914,363,943,2 1132,997,1159,1037,2 1235,1001,1254,1039,2 1486,291,1562,366,0 175,837,358,960,1 1129,849,1165,1041,1 1510,352,1664,394,3 1173,760,1232,816,4 144,718,232,802,4
E:\cry\keras-yolo3/VOCdevkit/VOC2007/JPEGImages/1070.jpg 1089,932,1143,981,0 1686,497,1811,549,3
E:\cry\keras-yolo3/VOCdevkit/VOC2007/JPEGImages/1071.jpg 1072,939,1123,990,0 1686,499,1811,548,3
E:\cry\keras-yolo3/VOCdevkit/VOC2007/JPEGImages/1072.jpg 1058,950,1108,995,0 1687,498,1810,547,3
E:\cry\keras-yolo3/VOCdevkit/VOC2007/JPEGImages/1073.jpg 1046,957,1094,1002,0 1687,498,1809,548,3
E:\cry\keras-yolo3/VOCdevkit/VOC2007/JPEGImages/1074.jpg 1038,967,1079,1007,0 1686,498,1808,547,3
E:\cry\keras-yolo3/VOCdevkit/VOC2007/JPEGImages/1075.jpg 1030,976,1062,1021,0 1685,499,1812,548,3
E:\cry\keras-yolo3/VOCdevkit/VOC2007/JPEGImages/1076.jpg 1019,987,1044,1026,0 1687,498,1811,546,3
E:\cry\keras-yolo3/VOCdevkit/VOC2007/JPEGImages/1077.jpg 998,986,1018,1026,0 1685,496,1807,549,3
E:\cry\keras-yolo3/VOCdevkit/VOC2007/JPEGImages/1079.jpg 956,970,981,1018,0 1686,499,1810,546,3
E:\cry\keras-yolo3/VOCdevkit/VOC2007/JPEGImages/108.jpg 1183,1011,1214,1061,2 1319,1004,1341,1050,2 1373,409,1454,489,0 167,838,237,1080,1 1184,847,1223,1058,1 1512,352,1664,393,3 152,717,244,810,4 1238,762,1297,825,4
E:\cry\keras-yolo3/VOCdevkit/VOC2007/JPEGImages/1080.jpg 935,960,965,1004,0 1685,498,1807,548,3
E:\cry\keras-yolo3/VOCdevkit/VOC2007/JPEGImages/1081.jpg 908,952,949,994,0 1687,498,1809,548,3
E:\cry\keras-yolo3/VOCdevkit/VOC2007/JPEGImages/1082.jpg 884,948,929,989,0 1686,497,1809,546,3
E:\cry\keras-yolo3/VOCdevkit/VOC2007/JPEGImages/1084.jpg 837,935,880,978,0 1684,499,1810,548,3
E:\cry\keras-yolo3/VOCdevkit/VOC2007/JPEGImages/1085.jpg 816,928,859,970,0 1686,499,1809,546,3
E:\cry\keras-yolo3/VOCdevkit/VOC2007/JPEGImages/1086.jpg 799,918,842,960,0 1686,499,1811,548,3
E:\cry\keras-yolo3/VOCdevkit/VOC2007/JPEGImages/1088.jpg 770,903,815,946,0 1688,499,1809,549,3
E:\cry\keras-yolo3/VOCdevkit/VOC2007/JPEGImages/1089.jpg 759,902,803,945,0 1687,498,1810,547,3
E:\cry\keras-yolo3/VOCdevkit/VOC2007/JPEGImages/109.jpg 60,1022,116,1080,2 1289,1004,1326,1046,2 1275,867,1355,952,0 117,839,215,1079,1 1255,857,1323,1044,1 1512,351,1663,394,3 1309,751,1367,837,4 167,712,254,805,4
E:\cry\keras-yolo3/VOCdevkit/VOC2007/JPEGImages/1091.jpg 742,902,786,945,0 1687,499,1810,548,3
E:\cry\keras-yolo3/VOCdevkit/VOC2007/JPEGImages/1092.jpg 735,902,777,944,0 1686,497,1810,548,3
E:\cry\keras-yolo3/VOCdevkit/VOC2007/JPEGImages/1095.jpg 711,903,752,943,0 1684,499,1810,547,3
E:\cry\keras-yolo3/VOCdevkit/VOC2007/JPEGImages/1097.jpg 691,907,732,948,0 1686,497,1810,547,3
E:\cry\keras-yolo3/VOCdevkit/VOC2007/JPEGImages/11.jpg 463,695,515,734,2 373,651,418,701,2 785,208,863,285,0 269,692,513,832,1 1511,353,1664,394,3 190,691,288,783,4
E:\cry\keras-yolo3/VOCdevkit/VOC2007/JPEGImages/110.jpg 262,1034,310,1080,2 1257,893,1298,930,2 1471,998,1497,1039,2 1176,952,1254,1031,0 173,836,309,1080,1 1246,837,1318,923,1 1512,353,1664,394,3 167,711,250,807,4 1320,752,1380,841,4
E:\cry\keras-yolo3/VOCdevkit/VOC2007/JPEGImages/111.jpg 1171,932,1213,981,2 1470,1001,1504,1045,2 892,982,975,1068,0 258,1009,301,1055,2 256,963,299,1007,2 156,835,303,1054,1 1166,846,1315,980,1 1511,352,1664,393,3 1320,757,1386,855,4 155,711,241,811,4
E:\cry\keras-yolo3/VOCdevkit/VOC2007/JPEGImages/112.jpg 211,1004,255,1050,2 244,989,286,1040,2 1350,1025,1381,1078,2 1515,1016,1545,1072,2 125,823,253,1047,1 1347,848,1387,1076,1 1512,352,1663,394,3 162,717,242,819,4 1411,726,1477,823,4
E:\cry\keras-yolo3/VOCdevkit/VOC2007/JPEGImages/113.jpg 322,993,385,1035,2 198,957,245,998,2 426,925,514,1018,0 1622,1020,1657,1075,2 1450,985,1474,1037,2 82,819,244,994,1 1443,819,1505,1035,1 1513,353,1662,394,3 168,728,255,832,4 1519,698,1590,788,4
E:\cry\keras-yolo3/VOCdevkit/VOC2007/JPEGImages/114.jpg 277,1060,338,1078,2 271,980,362,1068,0 199,949,257,983,2 1751,1011,1791,1060,2 1513,990,1552,1035,2 82,839,260,986,1 1685,814,1793,1059,1 1510,352,1665,394,3 219,757,306,863,4 1604,702,1679,792,4
E:\cry\keras-yolo3/VOCdevkit/VOC2007/JPEGImages/116.jpg 197,1026,292,1080,0 216,1001,277,1039,2 1779,1029,1814,1080,2 108,826,280,1039,1 1774,818,1859,1080,1 1512,352,1663,394,3 169,726,260,833,4 1776,688,1855,789,4
E:\cry\keras-yolo3/VOCdevkit/VOC2007/JPEGImages/117.jpg 210,920,265,951,2 192,941,280,1017,0 1843,999,1883,1058,2 104,835,269,958,1 1511,353,1662,393,3 141,715,231,819,4 1876,681,1920,789,4
E:\cry\keras-yolo3/VOCdevkit/VOC2007/JPEGImages/118.jpg 232,912,281,938,2 206,933,298,1011,0 138,823,281,959,1 1511,352,1664,394,3 129,713,218,809,4
E:\cry\keras-yolo3/VOCdevkit/VOC2007/JPEGImages/119.jpg 301,929,355,955,2 289,943,378,1025,0 165,852,356,970,1 1511,352,1665,393,3 138,739,225,833,4
E:\cry\keras-yolo3/VOCdevkit/VOC2007/JPEGImages/12.jpg 343,1011,382,1065,2 1267,153,1343,232,0 255,815,384,1067,1 1511,353,1664,394,3 208,709,309,801,4
E:\cry\keras-yolo3/VOCdevkit/VOC2007/JPEGImages/120.jpg 196,802,263,830,2 186,739,273,816,0 189,800,328,951,1 1513,352,1663,394,3 114,808,221,894,4
E:\cry\keras-yolo3/VOCdevkit/VOC2007/JPEGImages/121.jpg 390,615,449,651,2 299,591,346,646,2 408,404,490,486,0 236,614,447,790,1 1512,352,1663,393,3 127,672,232,762,4
E:\cry\keras-yolo3/VOCdevkit/VOC2007/JPEGImages/122.jpg 923,150,998,228,0 328,780,378,826,2 402,827,445,860,2 202,815,446,910,1 1512,352,1663,393,3 139,709,243,799,4
E:\cry\keras-yolo3/VOCdevkit/VOC2007/JPEGImages/124.jpg 1542,244,1614,318,0 157,822,263,1080,1 1511,349,1662,392,3 131,711,226,803,4
E:\cry\keras-yolo3/VOCdevkit/VOC2007/JPEGImages/125.jpg 310,960,349,1007,2 1599,252,1675,326,0 138,832,351,1011,1 1511,351,1662,394,3 115,705,215,802,4
E:\cry\keras-yolo3/VOCdevkit/VOC2007/JPEGImages/126.jpg 1624,287,1700,358,0 134,825,214,1080,1 1513,353,1663,393,3 126,702,225,803,4
E:\cry\keras-yolo3/VOCdevkit/VOC2007/JPEGImages/129.jpg 218,1037,258,1080,2 1664,773,1716,822,2 1684,618,1764,698,0 148,820,259,1080,1 1512,354,1663,394,3 132,712,228,802,4
E:\cry\keras-yolo3/VOCdevkit/VOC2007/JPEGImages/13.jpg 1555,217,1633,290,0 97,1014,155,1069,2 207,816,290,1080,1 1510,352,1662,394,3 215,711,313,799,4
E:\cry\keras-yolo3/VOCdevkit/VOC2007/JPEGImages/130.jpg 1657,800,1709,845,2 1657,775,1738,852,0 1734,799,1750,841,2 108,811,197,1080,1 1512,352,1662,395,3 163,715,245,810,4 1760,703,1843,793,4
E:\cry\keras-yolo3/VOCdevkit/VOC2007/JPEGImages/131.jpg 1097,963,1182,1052,0 1655,850,1704,892,2 1652,909,1689,949,2 184,1037,242,1080,2 122,822,242,1080,1 1514,352,1663,395,3 144,711,229,811,4 1767,695,1840,789,4
E:\cry\keras-yolo3/VOCdevkit/VOC2007/JPEGImages/132.jpg 1804,1003,1839,1060,2 261,978,307,1039,2 111,825,308,1040,1 1512,352,1662,394,3 141,710,227,818,4 1772,698,1843,794,4
E:\cry\keras-yolo3/VOCdevkit/VOC2007/JPEGImages/133.jpg 222,889,279,935,2 242,893,333,984,0 1805,1009,1836,1063,2 88,818,281,978,1 1511,353,1662,395,3 146,716,235,824,4 1805,690,1878,787,4
E:\cry\keras-yolo3/VOCdevkit/VOC2007/JPEGImages/135.jpg 216,956,269,998,2 230,963,318,1055,0 97,821,271,1003,1 1510,352,1664,395,3 165,719,253,831,4
E:\cry\keras-yolo3/VOCdevkit/VOC2007/JPEGImages/136.jpg 227,921,314,1003,0 244,907,293,932,2 138,820,294,959,1 1511,352,1663,395,3 152,715,240,816,4
E:\cry\keras-yolo3/VOCdevkit/VOC2007/JPEGImages/138.jpg 320,938,370,977,2 320,944,404,1030,0 177,882,370,1006,1 1511,352,1661,395,3 150,782,244,873,4
E:\cry\keras-yolo3/VOCdevkit/VOC2007/JPEGImages/139.jpg 207,784,270,811,2 196,720,281,794,0 202,784,343,924,1 1511,352,1664,395,3 133,792,234,877,4
E:\cry\keras-yolo3/VOCdevkit/VOC2007/JPEGImages/14.jpg 1416,23,1492,97,0 387,860,401,874,0 351,991,390,1049,2 239,817,389,1049,1 1511,351,1661,393,3 204,712,303,800,4
E:\cry\keras-yolo3/VOCdevkit/VOC2007/JPEGImages/140.jpg 322,597,363,659,2 414,627,458,674,2 496,358,577,438,0 221,628,461,795,1 1511,352,1662,393,3 150,673,248,754,4
E:\cry\keras-yolo3/VOCdevkit/VOC2007/JPEGImages/141.jpg 991,174,1068,253,0 417,826,453,862,2 219,809,454,897,1 1511,353,1663,394,3 160,708,256,793,4
E:\cry\keras-yolo3/VOCdevkit/VOC2007/JPEGImages/142.jpg 1,975,68,1013,2 59,997,111,1029,2 1434,318,1510,396,0 60,819,256,1031,1 1512,353,1663,395,3 170,711,269,794,4
E:\cry\keras-yolo3/VOCdevkit/VOC2007/JPEGImages/143.jpg 1235,807,1312,889,0 247,1037,287,1080,2 191,820,292,1080,1 1512,352,1662,395,3 172,711,263,807,4
E:\cry\keras-yolo3/VOCdevkit/VOC2007/JPEGImages/144.jpg 958,957,1037,1038,0 288,904,332,954,2 172,821,331,961,1 1511,352,1663,393,3 173,711,259,808,4
E:\cry\keras-yolo3/VOCdevkit/VOC2007/JPEGImages/145.jpg 660,570,741,652,0 255,865,304,901,2 301,867,322,909,2 137,821,309,941,1 1511,352,1664,394,3 149,711,237,802,4
E:\cry\keras-yolo3/VOCdevkit/VOC2007/JPEGImages/146.jpg 338,536,424,623,0 222,691,255,743,2 264,700,319,761,2 106,690,256,873,1 1512,352,1664,395,3 102,703,197,801,4
E:\cry\keras-yolo3/VOCdevkit/VOC2007/JPEGImages/147.jpg 193,702,227,751,2 207,678,287,759,0 93,703,229,860,1 1512,353,1663,394,3 89,703,178,803,4
E:\cry\keras-yolo3/VOCdevkit/VOC2007/JPEGImages/148.jpg 220,835,274,882,2 234,840,322,929,0 98,825,272,955,1 1511,351,1663,394,3 116,704,204,808,4
E:\cry\keras-yolo3/VOCdevkit/VOC2007/JPEGImages/149.jpg 126,820,261,1077,1 1511,352,1662,393,3 155,717,245,826,4
E:\cry\keras-yolo3/VOCdevkit/VOC2007/JPEGImages/15.jpg 1286,139,1363,220,0 314,1022,352,1072,2 307,968,355,1013,2 232,817,353,1046,1 1513,353,1663,394,3 206,709,295,803,4
E:\cry\keras-yolo3/VOCdevkit/VOC2007/JPEGImages/151.jpg 247,906,301,938,2 228,929,318,1006,0 153,819,302,960,1 1510,352,1664,394,3 142,712,230,804,4
E:\cry\keras-yolo3/VOCdevkit/VOC2007/JPEGImages/152.jpg 305,936,363,963,2 292,950,379,1032,0 188,841,364,982,1 1512,353,1665,393,3 161,735,251,830,4
E:\cry\keras-yolo3/VOCdevkit/VOC2007/JPEGImages/153.jpg 243,818,305,855,2 241,764,331,841,0 211,816,355,961,1 1511,352,1663,395,3 149,815,248,903,4
E:\cry\keras-yolo3/VOCdevkit/VOC2007/JPEGImages/154.jpg 310,598,358,654,2 394,603,446,631,2 390,466,472,547,0 244,602,451,827,1 1510,353,1661,396,3 158,692,262,773,4
E:\cry\keras-yolo3/VOCdevkit/VOC2007/JPEGImages/155.jpg 927,188,1003,264,0 442,743,486,768,2 357,715,397,753,2 250,744,486,859,1 1510,352,1662,394,3 181,702,280,789,4
E:\cry\keras-yolo3/VOCdevkit/VOC2007/JPEGImages/156.jpg 1397,256,1473,332,0 103,1021,166,1080,2 205,1032,249,1080,2 204,811,301,1080,1 1512,352,1664,392,3 201,706,300,796,4
E:\cry\keras-yolo3/VOCdevkit/VOC2007/JPEGImages/157.jpg 1586,310,1660,380,0 119,1019,168,1078,2 176,1027,230,1079,2 175,806,291,1080,1 1512,352,1661,393,3 211,703,307,793,4
E:\cry\keras-yolo3/VOCdevkit/VOC2007/JPEGImages/158.jpg 1510,295,1583,366,0 357,1000,388,1042,2 244,809,389,1042,1 1512,350,1662,391,3 206,703,302,793,4
E:\cry\keras-yolo3/VOCdevkit/VOC2007/JPEGImages/159.jpg 1576,329,1650,406,0 286,1039,323,1080,2 239,816,324,1080,1 1513,353,1664,392,3 210,706,304,800,4
E:\cry\keras-yolo3/VOCdevkit/VOC2007/JPEGImages/16.jpg 1158,613,1236,698,0 279,1029,315,1080,2 231,811,316,1080,1 1513,354,1663,393,3 219,711,304,807,4
E:\cry\keras-yolo3/VOCdevkit/VOC2007/JPEGImages/160.jpg 1630,600,1707,674,0 246,823,301,1080,1 1515,352,1665,394,3 222,711,310,803,4 1742,706,1823,793,4
E:\cry\keras-yolo3/VOCdevkit/VOC2007/JPEGImages/162.jpg 1696,779,1760,844,0 1563,1011,1588,1062,2 282,836,333,1080,1 1513,352,1664,394,3 186,721,265,804,4 1572,726,1636,796,4
E:\cry\keras-yolo3/VOCdevkit/VOC2007/JPEGImages/163.jpg 1701,665,1772,730,0 1739,760,1773,799,2 1486,1006,1510,1046,2 285,837,320,1041,1 1513,350,1665,392,3 177,725,257,818,4 1566,744,1633,814,4
E:\cry\keras-yolo3/VOCdevkit/VOC2007/JPEGImages/164.jpg 1734,852,1768,876,2 1703,806,1772,868,0 1519,969,1543,1012,2 161,1040,188,1080,2 1510,352,1658,393,3 181,731,260,827,4 1553,737,1616,813,4
E:\cry\keras-yolo3/VOCdevkit/VOC2007/JPEGImages/166.jpg 141,1048,168,1080,2 1430,966,1451,1002,2 1510,357,1662,397,3 129,744,206,837,4 1496,757,1556,825,4
E:\cry\keras-yolo3/VOCdevkit/VOC2007/JPEGImages/167.jpg 1419,767,1470,832,0 1501,971,1534,1014,2 93,1017,127,1069,2 1513,353,1665,395,3 111,741,187,834,4 1458,750,1514,821,4
E:\cry\keras-yolo3/VOCdevkit/VOC2007/JPEGImages/168.jpg 1294,873,1355,934,0 1327,872,1358,899,2 1448,998,1479,1040,2 66,893,101,928,2 69,1037,95,1073,2 69,859,98,1080,1 1513,352,1664,394,3 92,742,163,834,4 1392,759,1448,829,4
E:\cry\keras-yolo3/VOCdevkit/VOC2007/JPEGImages/169.jpg 1198,1046,1261,1080,0 1271,962,1297,995,2 1318,956,1337,998,2 51,878,82,913,2 64,1043,98,1080,2 61,865,98,1080,1 1510,353,1662,396,3 1323,764,1376,834,4 86,739,159,828,4
E:\cry\keras-yolo3/VOCdevkit/VOC2007/JPEGImages/170.jpg 1140,851,1200,909,0 1205,873,1233,906,2 1281,989,1305,1026,2 41,901,79,938,2 67,1029,105,1071,2 58,863,106,1073,1 1203,851,1275,931,1 1509,353,1665,396,3 79,740,153,829,4 1254,763,1307,830,4
E:\cry\keras-yolo3/VOCdevkit/VOC2007/JPEGImages/171.jpg 71,1010,98,1052,2 136,983,170,1035,2 1300,987,1324,1027,2 1101,922,1139,945,2 1078,926,1138,987,0 1109,853,1211,949,1 59,861,102,1051,1 1513,353,1662,393,3 79,737,155,822,4 1194,767,1243,832,4
E:\cry\keras-yolo3/VOCdevkit/VOC2007/JPEGImages/172.jpg 210,987,237,1036,2 76,1002,96,1042,2 1171,985,1199,1030,2 1114,981,1131,1019,2 1069,1023,1129,1080,0 1111,859,1156,1018,1 70,846,104,1042,1 1514,353,1664,394,3 88,738,162,821,4 1142,765,1193,830,4
E:\cry\keras-yolo3/VOCdevkit/VOC2007/JPEGImages/174.jpg 1063,890,1125,948,0 1081,946,1124,964,2 1015,997,1030,1035,2 207,1009,237,1055,2 66,1023,94,1061,2 1014,863,1041,1031,1 57,877,101,1061,1 1511,352,1664,394,3 107,736,178,827,4 1021,764,1071,832,4
E:\cry\keras-yolo3/VOCdevkit/VOC2007/JPEGImages/175.jpg 1012,967,1059,983,2 921,987,943,1026,2 68,1016,89,1052,2 208,1013,236,1057,2 922,855,979,1026,1 63,881,104,1053,1 1510,350,1664,394,3 108,737,178,824,4 976,768,1026,838,4
E:\cry\keras-yolo3/VOCdevkit/VOC2007/JPEGImages/176.jpg 922,856,963,895,2 893,847,953,911,0 895,987,918,1023,2 210,1019,249,1066,2 73,890,105,1066,1 894,903,935,1027,1 1512,353,1663,395,3 107,739,178,822,4 924,766,974,833,4
E:\cry\keras-yolo3/VOCdevkit/VOC2007/JPEGImages/178.jpg 866,998,895,1040,2 735,994,765,1032,2 667,1005,729,1066,0 72,1028,92,1072,2 183,1024,221,1078,2 69,868,111,1071,1 736,921,789,1031,1 1505,357,1656,399,3 127,742,197,828,4 774,769,827,841,4
E:\cry\keras-yolo3/VOCdevkit/VOC2007/JPEGImages/18.jpg 990,586,1071,671,0 1663,1004,1693,1060,2 403,1007,440,1053,2 297,839,438,1054,1 1658,833,1720,1058,1 1511,352,1663,394,3 286,713,375,809,4 1720,717,1793,805,4
E:\cry\keras-yolo3/VOCdevkit/VOC2007/JPEGImages/180.jpg 1508,345,1658,387,3 312,936,402,1020,0 185,717,280,811,4
E:\cry\keras-yolo3/VOCdevkit/VOC2007/JPEGImages/182.jpg 1513,341,1663,379,3 353,789,438,877,0 176,772,275,861,4
E:\cry\keras-yolo3/VOCdevkit/VOC2007/JPEGImages/184.jpg 1511,344,1665,386,3 210,671,302,751,0 165,762,269,845,4
E:\cry\keras-yolo3/VOCdevkit/VOC2007/JPEGImages/187.jpg 1509,343,1663,384,3 862,169,938,248,0 164,709,270,796,4
E:\cry\keras-yolo3/VOCdevkit/VOC2007/JPEGImages/188.jpg 1511,345,1662,386,3 1079,161,1155,239,0 165,708,268,799,4
E:\cry\keras-yolo3/VOCdevkit/VOC2007/JPEGImages/189.jpg 1511,347,1662,390,3 1289,232,1364,312,0 170,714,271,804,4
E:\cry\keras-yolo3/VOCdevkit/VOC2007/JPEGImages/190.jpg 1511,341,1663,382,3 1449,375,1521,452,0 173,709,273,797,4
E:\cry\keras-yolo3/VOCdevkit/VOC2007/JPEGImages/191.jpg 1512,347,1663,387,3 1422,640,1497,720,0 178,709,274,804,4
E:\cry\keras-yolo3/VOCdevkit/VOC2007/JPEGImages/192.jpg 1510,346,1663,386,3 1401,989,1475,1067,0 181,711,274,805,4
E:\cry\keras-yolo3/VOCdevkit/VOC2007/JPEGImages/193.jpg 1511,342,1663,383,3 186,707,278,801,4
E:\cry\keras-yolo3/VOCdevkit/VOC2007/JPEGImages/194.jpg 1511,346,1662,388,3 1254,817,1326,891,0 191,709,279,807,4
E:\cry\keras-yolo3/VOCdevkit/VOC2007/JPEGImages/195.jpg 1510,344,1660,385,3 1161,646,1236,720,0 193,710,281,807,4
E:\cry\keras-yolo3/VOCdevkit/VOC2007/JPEGImages/196.jpg 1512,344,1664,384,3 1075,555,1150,630,0 194,707,284,804,4
E:\cry\keras-yolo3/VOCdevkit/VOC2007/JPEGImages/197.jpg 1510,347,1661,388,3 986,547,1061,623,0 192,711,281,809,4
E:\cry\keras-yolo3/VOCdevkit/VOC2007/JPEGImages/198.jpg 1511,344,1662,385,3 906,614,976,690,0 195,709,284,804,4
E:\cry\keras-yolo3/VOCdevkit/VOC2007/JPEGImages/199.jpg 1512,344,1664,386,3 823,766,896,841,0 200,710,288,803,4
E:\cry\keras-yolo3/VOCdevkit/VOC2007/JPEGImages/2.jpg 1254,246,1333,323,0 41,1006,99,1060,2 151,810,264,1080,1 1514,354,1666,394,3 186,710,279,800,4
E:\cry\keras-yolo3/VOCdevkit/VOC2007/JPEGImages/200.jpg 1510,346,1660,387,3 786,894,860,969,0 204,711,293,812,4
E:\cry\keras-yolo3/VOCdevkit/VOC2007/JPEGImages/201.jpg 1511,344,1664,385,3 707,952,785,1027,0 212,710,300,810,4
E:\cry\keras-yolo3/VOCdevkit/VOC2007/JPEGImages/202.jpg 1510,345,1663,385,3 619,951,699,1027,0 216,712,304,813,4
E:\cry\keras-yolo3/VOCdevkit/VOC2007/JPEGImages/203.jpg 1511,345,1663,386,3 526,937,606,1016,0 221,715,309,817,4
E:\cry\keras-yolo3/VOCdevkit/VOC2007/JPEGImages/204.jpg 1512,344,1662,386,3 443,918,527,999,0 228,715,315,817,4
E:\cry\keras-yolo3/VOCdevkit/VOC2007/JPEGImages/205.jpg 1511,345,1664,386,3 385,909,469,990,0 230,717,318,820,4
E:\cry\keras-yolo3/VOCdevkit/VOC2007/JPEGImages/207.jpg 1511,344,1661,386,3 314,919,402,1003,0 229,714,315,820,4
E:\cry\keras-yolo3/VOCdevkit/VOC2007/JPEGImages/208.jpg 1511,346,1660,386,3 287,931,376,1011,0 226,716,311,821,4
E:\cry\keras-yolo3/VOCdevkit/VOC2007/JPEGImages/209.jpg 1511,344,1663,385,3 283,938,375,1023,0 221,713,307,815,4
E:\cry\keras-yolo3/VOCdevkit/VOC2007/JPEGImages/212.jpg 1510,345,1663,386,3 292,951,382,1031,0 206,713,298,807,4
E:\cry\keras-yolo3/VOCdevkit/VOC2007/JPEGImages/217.jpg 1512,345,1664,386,3 338,960,426,1043,0 216,726,310,819,4
E:\cry\keras-yolo3/VOCdevkit/VOC2007/JPEGImages/22.jpg 1137,1020,1193,1078,2 1277,1008,1304,1057,2 387,801,438,860,2 420,848,482,907,2 432,779,523,863,0 257,800,440,931,1 1080,827,1193,1080,1 1511,352,1663,395,3 276,715,358,817,4 1124,701,1193,801,4
E:\cry\keras-yolo3/VOCdevkit/VOC2007/JPEGImages/221.jpg 1511,345,1663,385,3 275,611,363,691,0 192,733,294,816,4
E:\cry\keras-yolo3/VOCdevkit/VOC2007/JPEGImages/222.jpg 1511,345,1664,385,3 521,355,603,439,0 196,682,299,769,4
E:\cry\keras-yolo3/VOCdevkit/VOC2007/JPEGImages/223.jpg 1511,344,1664,384,3 777,199,853,277,0 204,698,303,782,4
E:\cry\keras-yolo3/VOCdevkit/VOC2007/JPEGImages/224.jpg 1511,345,1661,385,3 1013,129,1089,209,0 205,706,307,797,4
E:\cry\keras-yolo3/VOCdevkit/VOC2007/JPEGImages/225.jpg 1512,345,1661,386,3 1232,146,1309,223,0 210,710,308,799,4
E:\cry\keras-yolo3/VOCdevkit/VOC2007/JPEGImages/227.jpg 1510,345,1661,384,3 1550,351,1627,423,0 211,712,310,801,4
E:\cry\keras-yolo3/VOCdevkit/VOC2007/JPEGImages/228.jpg 1511,345,1662,385,3 1518,514,1597,596,0 211,714,307,802,4
E:\cry\keras-yolo3/VOCdevkit/VOC2007/JPEGImages/229.jpg 1511,344,1661,385,3 1490,782,1571,868,0 213,712,308,808,4
E:\cry\keras-yolo3/VOCdevkit/VOC2007/JPEGImages/23.jpg 993,1019,1026,1080,2 1232,1036,1257,1080,2 316,734,356,785,2 332,683,417,768,0 217,736,360,884,1 992,828,1107,1080,1 1510,353,1663,395,3 226,707,311,809,4
E:\cry\keras-yolo3/VOCdevkit/VOC2007/JPEGImages/230.jpg 1510,345,1662,386,3 218,709,307,808,4
E:\cry\keras-yolo3/VOCdevkit/VOC2007/JPEGImages/231.jpg 1511,345,1663,384,3 1422,989,1505,1070,0 219,708,307,808,4
E:\cry\keras-yolo3/VOCdevkit/VOC2007/JPEGImages/232.jpg 1511,344,1662,386,3 1382,759,1467,840,0 218,706,307,805,4
E:\cry\keras-yolo3/VOCdevkit/VOC2007/JPEGImages/233.jpg 1510,346,1662,386,3 1347,622,1432,704,0 215,707,304,807,4
E:\cry\keras-yolo3/VOCdevkit/VOC2007/JPEGImages/234.jpg 1510,345,1662,386,3 1316,572,1399,657,0 213,706,303,807,4 1800,714,1884,808,4
E:\cry\keras-yolo3/VOCdevkit/VOC2007/JPEGImages/235.jpg 1512,345,1661,385,3 1288,613,1373,698,0 212,706,303,806,4 1694,727,1783,816,4
E:\cry\keras-yolo3/VOCdevkit/VOC2007/JPEGImages/236.jpg 1511,345,1662,385,3 1262,749,1347,835,0 215,707,302,804,4 1561,757,1645,850,4
E:\cry\keras-yolo3/VOCdevkit/VOC2007/JPEGImages/237.jpg 1511,346,1661,384,3 1144,947,1226,1036,0 217,708,304,808,4 1461,788,1546,884,4
E:\cry\keras-yolo3/VOCdevkit/VOC2007/JPEGImages/239.jpg 850,1056,929,1080,0 221,710,306,807,4 1401,772,1480,873,4 1512,346,1662,386,3
E:\cry\keras-yolo3/VOCdevkit/VOC2007/JPEGImages/24.jpg 1251,1014,1284,1073,2 301,876,359,908,2 298,882,388,964,0 203,826,358,962,1 1040,828,1143,1080,1 1512,352,1662,393,3
E:\cry\keras-yolo3/VOCdevkit/VOC2007/JPEGImages/25.jpg 258,1027,302,1080,2 296,1046,322,1080,2 1395,1028,1446,1079,2 212,816,325,1080,1 1243,835,1445,1080,1
E:\cry\keras-yolo3/VOCdevkit/VOC2007/JPEGImages/26.jpg 291,952,345,991,2 262,1031,313,1059,2 258,974,346,1045,0 194,822,335,990,1 1473,801,1603,1080,1 1514,353,1663,393,3
E:\cry\keras-yolo3/VOCdevkit/VOC2007/JPEGImages/27.jpg 295,929,335,960,2 263,1016,320,1034,2 258,951,346,1022,0 201,827,337,978,1 1711,815,1811,1080,1 1510,352,1663,394,3
E:\cry\keras-yolo3/VOCdevkit/VOC2007/JPEGImages/28.jpg 293,923,334,961,2 257,953,342,1026,0 214,824,333,966,1 1510,351,1662,393,3
E:\cry\keras-yolo3/VOCdevkit/VOC2007/JPEGImages/29.jpg 310,938,353,969,2 282,962,369,1040,0 214,826,353,977,1 1513,352,1663,394,3
E:\cry\keras-yolo3/VOCdevkit/VOC2007/JPEGImages/3.jpg 312,982,351,1035,2 908,421,992,506,0 207,815,349,1036,1 1511,350,1663,393,3
E:\cry\keras-yolo3/VOCdevkit/VOC2007/JPEGImages/30.jpg 340,860,376,907,2 347,834,432,920,0 241,861,379,985,1 1511,352,1663,396,3
E:\cry\keras-yolo3/VOCdevkit/VOC2007/JPEGImages/33.jpg 295,1024,338,1079,2 1230,140,1308,218,0 224,821,339,1078,1
E:\cry\keras-yolo3/VOCdevkit/VOC2007/JPEGImages/35.jpg 328,963,369,1001,2 339,994,369,1043,2 1314,75,1387,149,0 199,824,370,1043,1
E:\cry\keras-yolo3/VOCdevkit/VOC2007/JPEGImages/36.jpg 313,974,343,1022,2 1082,204,1155,280,0 199,823,343,1024,1
E:\cry\keras-yolo3/VOCdevkit/VOC2007/JPEGImages/37.jpg 854,669,928,744,0 309,998,337,1042,2 271,988,297,1028,2 220,827,337,1042,1
E:\cry\keras-yolo3/VOCdevkit/VOC2007/JPEGImages/38.jpg 652,1048,733,1080,0 302,924,346,955,2 315,975,340,1016,2 236,824,341,1015,1
E:\cry\keras-yolo3/VOCdevkit/VOC2007/JPEGImages/4.jpg 508,1036,600,1080,0 283,986,321,1039,2 173,832,326,1038,1
E:\cry\keras-yolo3/VOCdevkit/VOC2007/JPEGImages/40.jpg 486,498,558,571,0 343,941,360,979,2 355,751,393,795,2 245,828,361,980,1
E:\cry\keras-yolo3/VOCdevkit/VOC2007/JPEGImages/41.jpg 327,939,346,978,2 384,771,433,813,2 407,712,479,785,0 237,834,346,979,1
E:\cry\keras-yolo3/VOCdevkit/VOC2007/JPEGImages/42.jpg 336,1000,397,1021,2 333,935,411,1008,0 219,839,366,971,1
E:\cry\keras-yolo3/VOCdevkit/VOC2007/JPEGImages/43.jpg 287,989,345,1010,2 270,901,334,935,2 268,918,353,991,0 169,830,335,948,1
E:\cry\keras-yolo3/VOCdevkit/VOC2007/JPEGImages/44.jpg 251,1021,283,1070,2 274,1034,301,1080,2 173,826,300,1080,1
E:\cry\keras-yolo3/VOCdevkit/VOC2007/JPEGImages/46.jpg 261,918,318,947,2 245,938,333,1017,0 159,820,318,963,1
E:\cry\keras-yolo3/VOCdevkit/VOC2007/JPEGImages/47.jpg 276,909,329,941,2 255,932,344,1010,0 181,824,329,961,1
E:\cry\keras-yolo3/VOCdevkit/VOC2007/JPEGImages/48.jpg 320,931,376,957,2 305,945,392,1026,0 199,837,379,969,1
E:\cry\keras-yolo3/VOCdevkit/VOC2007/JPEGImages/49.jpg 241,748,332,828,0 241,807,314,843,2 243,806,366,934,1
E:\cry\keras-yolo3/VOCdevkit/VOC2007/JPEGImages/50.jpg 308,583,357,644,2 398,591,455,620,2 389,441,473,524,0 271,592,457,792,1
E:\cry\keras-yolo3/VOCdevkit/VOC2007/JPEGImages/51.jpg 350,702,382,754,2 432,723,484,750,2 904,137,982,218,0 269,724,477,849,1
E:\cry\keras-yolo3/VOCdevkit/VOC2007/JPEGImages/53.jpg 1413,448,1491,525,0 115,1035,161,1080,2 216,1049,249,1080,2 208,814,259,1080,1
E:\cry\keras-yolo3/VOCdevkit/VOC2007/JPEGImages/54.jpg 1028,1002,1113,1080,0 319,953,363,1000,2 195,821,363,1001,1
E:\cry\keras-yolo3/VOCdevkit/VOC2007/JPEGImages/55.jpg 670,854,760,944,0 307,888,353,927,2 337,809,394,836,2 167,808,393,902,1
E:\cry\keras-yolo3/VOCdevkit/VOC2007/JPEGImages/56.jpg 309,563,367,615,2 326,573,414,660,0 302,885,351,926,2 186,563,367,838,1
E:\cry\keras-yolo3/VOCdevkit/VOC2007/JPEGImages/57.jpg 296,786,356,836,2 276,696,331,738,2 288,701,370,788,0 172,696,333,853,1
E:\cry\keras-yolo3/VOCdevkit/VOC2007/JPEGImages/58.jpg 272,873,329,905,2 267,881,358,962,0 175,812,329,954,1
E:\cry\keras-yolo3/VOCdevkit/VOC2007/JPEGImages/581.jpg 1671,1492,1736,1558,0
E:\cry\keras-yolo3/VOCdevkit/VOC2007/JPEGImages/582.jpg 1634,1479,1701,1547,0
E:\cry\keras-yolo3/VOCdevkit/VOC2007/JPEGImages/584.jpg 711,612,798,701,0
E:\cry\keras-yolo3/VOCdevkit/VOC2007/JPEGImages/585.jpg 850,657,927,736,0
E:\cry\keras-yolo3/VOCdevkit/VOC2007/JPEGImages/586.jpg 1145,1671,1214,1743,0
E:\cry\keras-yolo3/VOCdevkit/VOC2007/JPEGImages/588.jpg 1441,1771,1500,1827,0
E:\cry\keras-yolo3/VOCdevkit/VOC2007/JPEGImages/589.jpg 1435,1591,1490,1648,0
E:\cry\keras-yolo3/VOCdevkit/VOC2007/JPEGImages/59.jpg 246,1006,292,1064,2 263,1036,307,1080,2 190,819,311,1080,1
E:\cry\keras-yolo3/VOCdevkit/VOC2007/JPEGImages/591.jpg 1683,1524,1749,1590,0
E:\cry\keras-yolo3/VOCdevkit/VOC2007/JPEGImages/592.jpg 1686,1523,1750,1590,0
E:\cry\keras-yolo3/VOCdevkit/VOC2007/JPEGImages/593.jpg 1666,1507,1730,1575,0
E:\cry\keras-yolo3/VOCdevkit/VOC2007/JPEGImages/594.jpg 1638,1450,1702,1517,0
E:\cry\keras-yolo3/VOCdevkit/VOC2007/JPEGImages/595.jpg 1410,884,1479,953,0
E:\cry\keras-yolo3/VOCdevkit/VOC2007/JPEGImages/596.jpg 562,634,649,724,0
E:\cry\keras-yolo3/VOCdevkit/VOC2007/JPEGImages/598.jpg 378,1593,486,1707,0
E:\cry\keras-yolo3/VOCdevkit/VOC2007/JPEGImages/599.jpg 495,1347,603,1462,0
E:\cry\keras-yolo3/VOCdevkit/VOC2007/JPEGImages/6.jpg 278,904,343,956,2 274,906,363,997,0 169,827,341,970,1
E:\cry\keras-yolo3/VOCdevkit/VOC2007/JPEGImages/60.jpg 277,944,331,982,2 261,975,350,1058,0 166,823,329,983,1
E:\cry\keras-yolo3/VOCdevkit/VOC2007/JPEGImages/600.jpg 903,1543,987,1634,0
E:\cry\keras-yolo3/VOCdevkit/VOC2007/JPEGImages/601.jpg 1228,1538,1306,1612,0
E:\cry\keras-yolo3/VOCdevkit/VOC2007/JPEGImages/603.jpg 1671,1514,1736,1580,0
E:\cry\keras-yolo3/VOCdevkit/VOC2007/JPEGImages/604.jpg 1645,1517,1707,1583,0
E:\cry\keras-yolo3/VOCdevkit/VOC2007/JPEGImages/605.jpg 1637,1492,1703,1560,0
E:\cry\keras-yolo3/VOCdevkit/VOC2007/JPEGImages/606.jpg 1638,1482,1701,1548,0
E:\cry\keras-yolo3/VOCdevkit/VOC2007/JPEGImages/608.jpg 1621,1456,1684,1523,0
E:\cry\keras-yolo3/VOCdevkit/VOC2007/JPEGImages/609.jpg 1463,937,1532,1008,0
E:\cry\keras-yolo3/VOCdevkit/VOC2007/JPEGImages/61.jpg 285,927,341,979,2 259,953,348,1024,0 192,818,336,963,1
E:\cry\keras-yolo3/VOCdevkit/VOC2007/JPEGImages/610.jpg 671,656,765,753,0
E:\cry\keras-yolo3/VOCdevkit/VOC2007/JPEGImages/619.jpg 323,883,449,1014,0
E:\cry\keras-yolo3/VOCdevkit/VOC2007/JPEGImages/62.jpg 292,910,347,943,2 271,931,358,1012,0 204,819,343,953,1
E:\cry\keras-yolo3/VOCdevkit/VOC2007/JPEGImages/620.jpg 1870,1358,1955,1442,0
E:\cry\keras-yolo3/VOCdevkit/VOC2007/JPEGImages/621.jpg 1799,1504,1873,1575,0
E:\cry\keras-yolo3/VOCdevkit/VOC2007/JPEGImages/622.jpg 1746,1513,1814,1583,0
E:\cry\keras-yolo3/VOCdevkit/VOC2007/JPEGImages/623.jpg 1626,1519,1691,1587,0
E:\cry\keras-yolo3/VOCdevkit/VOC2007/JPEGImages/624.jpg 1614,1502,1678,1569,0
E:\cry\keras-yolo3/VOCdevkit/VOC2007/JPEGImages/626.jpg 1584,1461,1653,1530,0
E:\cry\keras-yolo3/VOCdevkit/VOC2007/JPEGImages/627.jpg 1310,836,1383,909,0
E:\cry\keras-yolo3/VOCdevkit/VOC2007/JPEGImages/628.jpg 445,636,536,732,0
E:\cry\keras-yolo3/VOCdevkit/VOC2007/JPEGImages/629.jpg 730,1147,837,1256,0
E:\cry\keras-yolo3/VOCdevkit/VOC2007/JPEGImages/63.jpg 344,908,398,951,2 353,912,433,1000,0 219,877,399,980,1
E:\cry\keras-yolo3/VOCdevkit/VOC2007/JPEGImages/630.jpg 1117,1301,1230,1414,0
E:\cry\keras-yolo3/VOCdevkit/VOC2007/JPEGImages/633.jpg 1683,1510,1751,1579,0
E:\cry\keras-yolo3/VOCdevkit/VOC2007/JPEGImages/634.jpg 1639,1512,1702,1580,0
E:\cry\keras-yolo3/VOCdevkit/VOC2007/JPEGImages/635.jpg 1625,1510,1689,1578,0
E:\cry\keras-yolo3/VOCdevkit/VOC2007/JPEGImages/636.jpg 1618,1504,1684,1573,0
E:\cry\keras-yolo3/VOCdevkit/VOC2007/JPEGImages/637.jpg 1628,1327,1692,1391,0
E:\cry\keras-yolo3/VOCdevkit/VOC2007/JPEGImages/638.jpg 872,642,950,721,0
E:\cry\keras-yolo3/VOCdevkit/VOC2007/JPEGImages/639.jpg 427,727,501,807,0
E:\cry\keras-yolo3/VOCdevkit/VOC2007/JPEGImages/64.jpg 214,776,275,805,2 198,710,287,780,0 212,777,357,918,1
E:\cry\keras-yolo3/VOCdevkit/VOC2007/JPEGImages/641.jpg 402,1329,461,1387,0
E:\cry\keras-yolo3/VOCdevkit/VOC2007/JPEGImages/642.jpg 490,1552,521,1613,0
E:\cry\keras-yolo3/VOCdevkit/VOC2007/JPEGImages/643.jpg 783,1490,841,1548,0
E:\cry\keras-yolo3/VOCdevkit/VOC2007/JPEGImages/645.jpg 1756,1497,1827,1568,0
E:\cry\keras-yolo3/VOCdevkit/VOC2007/JPEGImages/646.jpg 1655,1520,1722,1588,0
E:\cry\keras-yolo3/VOCdevkit/VOC2007/JPEGImages/647.jpg 1614,1504,1676,1570,0
E:\cry\keras-yolo3/VOCdevkit/VOC2007/JPEGImages/648.jpg 1599,1491,1663,1559,0
E:\cry\keras-yolo3/VOCdevkit/VOC2007/JPEGImages/649.jpg 1634,1364,1699,1424,0
E:\cry\keras-yolo3/VOCdevkit/VOC2007/JPEGImages/650.jpg 1098,670,1174,747,0
E:\cry\keras-yolo3/VOCdevkit/VOC2007/JPEGImages/651.jpg 614,1030,696,1114,0
E:\cry\keras-yolo3/VOCdevkit/VOC2007/JPEGImages/652.jpg 850,1717,918,1785,0
E:\cry\keras-yolo3/VOCdevkit/VOC2007/JPEGImages/654.jpg 1050,1463,1114,1527,0
E:\cry\keras-yolo3/VOCdevkit/VOC2007/JPEGImages/655.jpg 1646,1413,1720,1483,0
E:\cry\keras-yolo3/VOCdevkit/VOC2007/JPEGImages/657.jpg 1629,1510,1695,1578,0
E:\cry\keras-yolo3/VOCdevkit/VOC2007/JPEGImages/658.jpg 1624,1507,1688,1574,0
E:\cry\keras-yolo3/VOCdevkit/VOC2007/JPEGImages/659.jpg 1616,1504,1681,1572,0
E:\cry\keras-yolo3/VOCdevkit/VOC2007/JPEGImages/66.jpg 324,875,384,903,2 397,887,434,915,2 1054,148,1130,227,0 227,823,431,940,1
E:\cry\keras-yolo3/VOCdevkit/VOC2007/JPEGImages/660.jpg 1565,1181,1630,1247,0
E:\cry\keras-yolo3/VOCdevkit/VOC2007/JPEGImages/661.jpg 800,576,883,661,0
E:\cry\keras-yolo3/VOCdevkit/VOC2007/JPEGImages/663.jpg 671,1743,788,1862,0
E:\cry\keras-yolo3/VOCdevkit/VOC2007/JPEGImages/664.jpg 996,1559,1102,1666,0
E:\cry\keras-yolo3/VOCdevkit/VOC2007/JPEGImages/665.jpg 1722,1390,1797,1468,0
E:\cry\keras-yolo3/VOCdevkit/VOC2007/JPEGImages/668.jpg 1616,1511,1681,1579,0
E:\cry\keras-yolo3/VOCdevkit/VOC2007/JPEGImages/67.jpg 1483,307,1557,375,0 78,1019,136,1068,2 1,982,67,1028,2 78,830,244,1070,1
E:\cry\keras-yolo3/VOCdevkit/VOC2007/JPEGImages/670.jpg 1195,780,1267,853,0
E:\cry\keras-yolo3/VOCdevkit/VOC2007/JPEGImages/671.jpg 447,600,532,693,0
E:\cry\keras-yolo3/VOCdevkit/VOC2007/JPEGImages/672.jpg 793,1220,899,1330,0
E:\cry\keras-yolo3/VOCdevkit/VOC2007/JPEGImages/673.jpg 1118,1279,1232,1395,0
E:\cry\keras-yolo3/VOCdevkit/VOC2007/JPEGImages/674.jpg 1336,1574,1430,1675,0
E:\cry\keras-yolo3/VOCdevkit/VOC2007/JPEGImages/675.jpg 1679,1459,1753,1533,0
E:\cry\keras-yolo3/VOCdevkit/VOC2007/JPEGImages/676.jpg 1686,1518,1753,1588,0
E:\cry\keras-yolo3/VOCdevkit/VOC2007/JPEGImages/677.jpg 1639,1528,1704,1596,0
E:\cry\keras-yolo3/VOCdevkit/VOC2007/JPEGImages/678.jpg 1623,1525,1689,1592,0
E:\cry\keras-yolo3/VOCdevkit/VOC2007/JPEGImages/679.jpg 1614,1517,1679,1585,0
E:\cry\keras-yolo3/VOCdevkit/VOC2007/JPEGImages/68.jpg 1601,255,1679,329,0 195,821,293,1080,1
E:\cry\keras-yolo3/VOCdevkit/VOC2007/JPEGImages/680.jpg 1582,1467,1644,1534,0
E:\cry\keras-yolo3/VOCdevkit/VOC2007/JPEGImages/681.jpg 1338,885,1409,957,0
E:\cry\keras-yolo3/VOCdevkit/VOC2007/JPEGImages/682.jpg 496,680,585,774,0
E:\cry\keras-yolo3/VOCdevkit/VOC2007/JPEGImages/683.jpg 719,1187,785,1256,0
E:\cry\keras-yolo3/VOCdevkit/VOC2007/JPEGImages/684.jpg 803,1436,857,1493,0
E:\cry\keras-yolo3/VOCdevkit/VOC2007/JPEGImages/687.jpg 908,1529,946,1573,0
E:\cry\keras-yolo3/VOCdevkit/VOC2007/JPEGImages/688.jpg 936,1571,983,1621,0
E:\cry\keras-yolo3/VOCdevkit/VOC2007/JPEGImages/689.jpg 1362,1223,1424,1285,0
E:\cry\keras-yolo3/VOCdevkit/VOC2007/JPEGImages/69.jpg 339,962,376,1006,2 190,808,377,1002,1 1577,279,1651,355,0
E:\cry\keras-yolo3/VOCdevkit/VOC2007/JPEGImages/690.jpg 1566,1469,1639,1541,0
E:\cry\keras-yolo3/VOCdevkit/VOC2007/JPEGImages/694.jpg 1576,1486,1642,1555,0
E:\cry\keras-yolo3/VOCdevkit/VOC2007/JPEGImages/695.jpg 1472,1067,1541,1136,0
E:\cry\keras-yolo3/VOCdevkit/VOC2007/JPEGImages/696.jpg 702,656,787,742,0
E:\cry\keras-yolo3/VOCdevkit/VOC2007/JPEGImages/7.jpg 203,816,341,962,1 285,911,343,945,2 269,926,358,1006,0
E:\cry\keras-yolo3/VOCdevkit/VOC2007/JPEGImages/70.jpg 183,817,292,1080,1 247,1027,292,1080,2 1603,335,1680,413,0
E:\cry\keras-yolo3/VOCdevkit/VOC2007/JPEGImages/700.jpg 32,1567,136,1678,0
E:\cry\keras-yolo3/VOCdevkit/VOC2007/JPEGImages/702.jpg 1950,1388,2023,1458,0
E:\cry\keras-yolo3/VOCdevkit/VOC2007/JPEGImages/703.jpg 1763,1530,1832,1599,0
E:\cry\keras-yolo3/VOCdevkit/VOC2007/JPEGImages/705.jpg 1609,1519,1673,1586,0
E:\cry\keras-yolo3/VOCdevkit/VOC2007/JPEGImages/706.jpg 1596,1506,1661,1575,0
E:\cry\keras-yolo3/VOCdevkit/VOC2007/JPEGImages/707.jpg 1531,1135,1598,1202,0
E:\cry\keras-yolo3/VOCdevkit/VOC2007/JPEGImages/708.jpg 783,617,863,698,0
E:\cry\keras-yolo3/VOCdevkit/VOC2007/JPEGImages/709.jpg 575,612,660,700,0
E:\cry\keras-yolo3/VOCdevkit/VOC2007/JPEGImages/71.jpg 1656,705,1737,787,0 202,822,337,1070,1 301,1018,338,1071,2
E:\cry\keras-yolo3/VOCdevkit/VOC2007/JPEGImages/711.jpg 890,1412,971,1494,0
E:\cry\keras-yolo3/VOCdevkit/VOC2007/JPEGImages/712.jpg 1215,1581,1290,1650,0
E:\cry\keras-yolo3/VOCdevkit/VOC2007/JPEGImages/713.jpg 1597,1459,1666,1528,0
E:\cry\keras-yolo3/VOCdevkit/VOC2007/JPEGImages/714.jpg 1664,1513,1731,1581,0
E:\cry\keras-yolo3/VOCdevkit/VOC2007/JPEGImages/715.jpg 1639,1522,1700,1589,0
E:\cry\keras-yolo3/VOCdevkit/VOC2007/JPEGImages/716.jpg 1642,1508,1704,1575,0
E:\cry\keras-yolo3/VOCdevkit/VOC2007/JPEGImages/717.jpg 1638,1506,1699,1572,0
E:\cry\keras-yolo3/VOCdevkit/VOC2007/JPEGImages/718.jpg 1608,1447,1673,1516,0
E:\cry\keras-yolo3/VOCdevkit/VOC2007/JPEGImages/72.jpg 177,818,312,1051,1 273,999,312,1050,2
E:\cry\keras-yolo3/VOCdevkit/VOC2007/JPEGImages/720.jpg 427,699,509,790,0
E:\cry\keras-yolo3/VOCdevkit/VOC2007/JPEGImages/722.jpg 546,1559,627,1643,0
E:\cry\keras-yolo3/VOCdevkit/VOC2007/JPEGImages/723.jpg 1755,1212,1827,1285,0
E:\cry\keras-yolo3/VOCdevkit/VOC2007/JPEGImages/725.jpg 1725,1508,1793,1578,0
E:\cry\keras-yolo3/VOCdevkit/VOC2007/JPEGImages/727.jpg 1639,1516,1703,1584,0
E:\cry\keras-yolo3/VOCdevkit/VOC2007/JPEGImages/728.jpg 1638,1509,1703,1577,0
E:\cry\keras-yolo3/VOCdevkit/VOC2007/JPEGImages/732.jpg 22,1314,101,1395,0
E:\cry\keras-yolo3/VOCdevkit/VOC2007/JPEGImages/736.jpg 11,1493,68,1551,0
E:\cry\keras-yolo3/VOCdevkit/VOC2007/JPEGImages/737.jpg 236,1508,294,1567,0
E:\cry\keras-yolo3/VOCdevkit/VOC2007/JPEGImages/738.jpg 423,1529,482,1590,0
E:\cry\keras-yolo3/VOCdevkit/VOC2007/JPEGImages/739.jpg 1333,1220,1404,1291,0
E:\cry\keras-yolo3/VOCdevkit/VOC2007/JPEGImages/74.jpg 145,816,312,1048,1 253,982,297,1031,2 278,999,311,1048,2 1627,823,1745,1022,1
E:\cry\keras-yolo3/VOCdevkit/VOC2007/JPEGImages/740.jpg 1847,1523,1924,1600,0
E:\cry\keras-yolo3/VOCdevkit/VOC2007/JPEGImages/741.jpg 1707,1494,1775,1567,0
E:\cry\keras-yolo3/VOCdevkit/VOC2007/JPEGImages/742.jpg 1652,1519,1717,1586,0
E:\cry\keras-yolo3/VOCdevkit/VOC2007/JPEGImages/743.jpg 1639,1504,1703,1571,0
E:\cry\keras-yolo3/VOCdevkit/VOC2007/JPEGImages/745.jpg 1133,726,1209,803,0
E:\cry\keras-yolo3/VOCdevkit/VOC2007/JPEGImages/75.jpg 163,819,323,958,1 346,937,431,1025,0 270,912,324,945,2
E:\cry\keras-yolo3/VOCdevkit/VOC2007/JPEGImages/750.jpg 788,917,831,960,0 1683,497,1805,548,3
E:\cry\keras-yolo3/VOCdevkit/VOC2007/JPEGImages/751.jpg 789,920,832,964,0 1683,497,1805,547,3
E:\cry\keras-yolo3/VOCdevkit/VOC2007/JPEGImages/753.jpg 755,935,805,986,0 1686,496,1808,547,3
E:\cry\keras-yolo3/VOCdevkit/VOC2007/JPEGImages/754.jpg 726,940,777,991,0 1685,496,1808,546,3
E:\cry\keras-yolo3/VOCdevkit/VOC2007/JPEGImages/755.jpg 694,938,749,990,0 1686,495,1809,547,3
E:\cry\keras-yolo3/VOCdevkit/VOC2007/JPEGImages/757.jpg 801,932,844,974,0 1683,497,1806,547,3
E:\cry\keras-yolo3/VOCdevkit/VOC2007/JPEGImages/758.jpg 806,943,851,986,0 1682,498,1805,546,3
E:\cry\keras-yolo3/VOCdevkit/VOC2007/JPEGImages/759.jpg 821,940,863,984,0 1683,497,1806,547,3
E:\cry\keras-yolo3/VOCdevkit/VOC2007/JPEGImages/76.jpg 163,824,333,986,1 268,951,334,988,2 270,966,360,1052,0
E:\cry\keras-yolo3/VOCdevkit/VOC2007/JPEGImages/760.jpg 837,931,880,973,0 1683,497,1806,547,3
E:\cry\keras-yolo3/VOCdevkit/VOC2007/JPEGImages/761.jpg 852,915,894,957,0 1684,498,1806,547,3
E:\cry\keras-yolo3/VOCdevkit/VOC2007/JPEGImages/762.jpg 862,901,905,945,0 1684,497,1806,547,3
E:\cry\keras-yolo3/VOCdevkit/VOC2007/JPEGImages/763.jpg 874,889,918,932,0 1683,496,1806,547,3
E:\cry\keras-yolo3/VOCdevkit/VOC2007/JPEGImages/764.jpg 896,896,938,939,0 1683,497,1806,547,3
E:\cry\keras-yolo3/VOCdevkit/VOC2007/JPEGImages/766.jpg 1011,975,1053,1018,0 1683,497,1805,546,3
E:\cry\keras-yolo3/VOCdevkit/VOC2007/JPEGImages/767.jpg 1106,1135,1150,1179,0 1683,497,1806,547,3
E:\cry\keras-yolo3/VOCdevkit/VOC2007/JPEGImages/768.jpg 1157,1038,1200,1081,0 1682,498,1807,547,3
E:\cry\keras-yolo3/VOCdevkit/VOC2007/JPEGImages/769.jpg 1226,971,1270,1015,0 1683,498,1806,547,3
E:\cry\keras-yolo3/VOCdevkit/VOC2007/JPEGImages/77.jpg 263,1024,320,1071,2 230,1026,279,1080,2 173,840,321,1075,1
E:\cry\keras-yolo3/VOCdevkit/VOC2007/JPEGImages/770.jpg 1304,971,1350,1016,0 1684,498,1806,548,3
E:\cry\keras-yolo3/VOCdevkit/VOC2007/JPEGImages/771.jpg 1411,976,1459,1021,0 1683,497,1805,547,3
E:\cry\keras-yolo3/VOCdevkit/VOC2007/JPEGImages/772.jpg 1539,901,1590,951,0 1682,497,1805,548,3
E:\cry\keras-yolo3/VOCdevkit/VOC2007/JPEGImages/775.jpg 1747,492,1803,548,0 1683,497,1806,546,3
E:\cry\keras-yolo3/VOCdevkit/VOC2007/JPEGImages/776.jpg 1751,447,1810,504,0 1683,498,1807,547,3
E:\cry\keras-yolo3/VOCdevkit/VOC2007/JPEGImages/777.jpg 1740,451,1801,513,0 1682,497,1807,546,3
E:\cry\keras-yolo3/VOCdevkit/VOC2007/JPEGImages/779.jpg 1674,453,1736,516,0 1683,498,1806,547,3
E:\cry\keras-yolo3/VOCdevkit/VOC2007/JPEGImages/78.jpg 164,823,320,965,1 256,907,320,951,2 240,917,326,1004,0
E:\cry\keras-yolo3/VOCdevkit/VOC2007/JPEGImages/780.jpg 1660,460,1721,521,0 1682,497,1807,548,3
E:\cry\keras-yolo3/VOCdevkit/VOC2007/JPEGImages/781.jpg 1649,465,1709,526,0 1682,498,1806,548,3
E:\cry\keras-yolo3/VOCdevkit/VOC2007/JPEGImages/783.jpg 1616,509,1677,571,0 1682,497,1807,547,3
E:\cry\keras-yolo3/VOCdevkit/VOC2007/JPEGImages/785.jpg 1576,797,1640,862,0 1683,497,1806,548,3
E:\cry\keras-yolo3/VOCdevkit/VOC2007/JPEGImages/786.jpg 1550,1061,1617,1130,0 1683,498,1807,547,3
E:\cry\keras-yolo3/VOCdevkit/VOC2007/JPEGImages/787.jpg 1523,1152,1589,1218,0 1683,497,1805,549,3
E:\cry\keras-yolo3/VOCdevkit/VOC2007/JPEGImages/789.jpg 1476,857,1537,919,0 1683,498,1806,547,3
E:\cry\keras-yolo3/VOCdevkit/VOC2007/JPEGImages/79.jpg 183,820,344,960,1 286,913,342,945,2 270,926,356,1009,0
E:\cry\keras-yolo3/VOCdevkit/VOC2007/JPEGImages/790.jpg 1437,837,1499,898,0 1683,498,1807,548,3
E:\cry\keras-yolo3/VOCdevkit/VOC2007/JPEGImages/793.jpg 1301,881,1361,936,0 1684,497,1807,547,3
E:\cry\keras-yolo3/VOCdevkit/VOC2007/JPEGImages/794.jpg 1286,877,1342,933,0 1685,498,1807,548,3
E:\cry\keras-yolo3/VOCdevkit/VOC2007/JPEGImages/795.jpg 1684,497,1806,547,3
E:\cry\keras-yolo3/VOCdevkit/VOC2007/JPEGImages/796.jpg 1243,860,1293,905,0 1683,496,1807,547,3
E:\cry\keras-yolo3/VOCdevkit/VOC2007/JPEGImages/797.jpg 1190,860,1241,901,0 1683,496,1806,546,3
E:\cry\keras-yolo3/VOCdevkit/VOC2007/JPEGImages/798.jpg 1140,851,1192,898,0 1683,497,1807,547,3
E:\cry\keras-yolo3/VOCdevkit/VOC2007/JPEGImages/799.jpg 1094,856,1144,904,0 1684,497,1806,546,3
E:\cry\keras-yolo3/VOCdevkit/VOC2007/JPEGImages/8.jpg 225,830,367,967,1 317,929,366,959,2 294,944,381,1025,0
E:\cry\keras-yolo3/VOCdevkit/VOC2007/JPEGImages/80.jpg 195,841,356,965,1 313,842,351,889,2 322,813,409,899,0
E:\cry\keras-yolo3/VOCdevkit/VOC2007/JPEGImages/801.jpg 1683,497,1806,547,3
E:\cry\keras-yolo3/VOCdevkit/VOC2007/JPEGImages/802.jpg 1684,497,1806,546,3
E:\cry\keras-yolo3/VOCdevkit/VOC2007/JPEGImages/803.jpg 1683,496,1806,547,3
E:\cry\keras-yolo3/VOCdevkit/VOC2007/JPEGImages/804.jpg 1683,496,1806,546,3
E:\cry\keras-yolo3/VOCdevkit/VOC2007/JPEGImages/805.jpg 1684,496,1806,547,3
E:\cry\keras-yolo3/VOCdevkit/VOC2007/JPEGImages/806.jpg 1683,495,1806,546,3
E:\cry\keras-yolo3/VOCdevkit/VOC2007/JPEGImages/807.jpg 1684,497,1806,547,3
E:\cry\keras-yolo3/VOCdevkit/VOC2007/JPEGImages/809.jpg 1683,496,1806,546,3
E:\cry\keras-yolo3/VOCdevkit/VOC2007/JPEGImages/810.jpg 1683,496,1806,547,3
E:\cry\keras-yolo3/VOCdevkit/VOC2007/JPEGImages/811.jpg 848,943,874,987,0 1684,497,1806,546,3
E:\cry\keras-yolo3/VOCdevkit/VOC2007/JPEGImages/812.jpg 843,951,884,992,0 1683,497,1806,546,3
E:\cry\keras-yolo3/VOCdevkit/VOC2007/JPEGImages/814.jpg 840,947,880,989,0 1684,496,1807,546,3
E:\cry\keras-yolo3/VOCdevkit/VOC2007/JPEGImages/815.jpg 828,942,870,983,0 1684,496,1806,547,3
E:\cry\keras-yolo3/VOCdevkit/VOC2007/JPEGImages/816.jpg 819,935,860,977,0 1683,497,1807,546,3
E:\cry\keras-yolo3/VOCdevkit/VOC2007/JPEGImages/818.jpg 810,925,852,968,0 1684,496,1807,547,3
E:\cry\keras-yolo3/VOCdevkit/VOC2007/JPEGImages/819.jpg 820,916,862,959,0 1684,496,1807,546,3
E:\cry\keras-yolo3/VOCdevkit/VOC2007/JPEGImages/820.jpg 833,907,875,949,0 1684,496,1807,546,3
E:\cry\keras-yolo3/VOCdevkit/VOC2007/JPEGImages/821.jpg 839,902,880,943,0 1684,496,1807,547,3
E:\cry\keras-yolo3/VOCdevkit/VOC2007/JPEGImages/822.jpg 846,899,886,940,0 1684,496,1807,547,3
E:\cry\keras-yolo3/VOCdevkit/VOC2007/JPEGImages/823.jpg 859,902,900,942,0 1684,496,1807,547,3
E:\cry\keras-yolo3/VOCdevkit/VOC2007/JPEGImages/825.jpg 950,936,992,979,0 1684,496,1806,546,3
E:\cry\keras-yolo3/VOCdevkit/VOC2007/JPEGImages/826.jpg 1025,1027,1068,1070,0 1683,496,1807,545,3
E:\cry\keras-yolo3/VOCdevkit/VOC2007/JPEGImages/827.jpg 1094,1115,1137,1158,0 1684,497,1807,546,3
E:\cry\keras-yolo3/VOCdevkit/VOC2007/JPEGImages/828.jpg 1141,1003,1182,1045,0 1684,497,1807,546,3
E:\cry\keras-yolo3/VOCdevkit/VOC2007/JPEGImages/829.jpg 1190,941,1233,984,0 1685,496,1807,547,3
E:\cry\keras-yolo3/VOCdevkit/VOC2007/JPEGImages/830.jpg 1250,912,1294,957,0 1684,497,1807,547,3
E:\cry\keras-yolo3/VOCdevkit/VOC2007/JPEGImages/831.jpg 1328,912,1374,958,0 1685,497,1807,546,3
E:\cry\keras-yolo3/VOCdevkit/VOC2007/JPEGImages/832.jpg 1411,905,1461,953,0 1685,497,1807,545,3
E:\cry\keras-yolo3/VOCdevkit/VOC2007/JPEGImages/833.jpg 1493,878,1545,928,0 1684,496,1806,546,3
E:\cry\keras-yolo3/VOCdevkit/VOC2007/JPEGImages/834.jpg 1574,833,1628,885,0 1684,496,1806,546,3
E:\cry\keras-yolo3/VOCdevkit/VOC2007/JPEGImages/836.jpg 1705,571,1759,626,0 1684,496,1806,546,3
E:\cry\keras-yolo3/VOCdevkit/VOC2007/JPEGImages/838.jpg 1708,441,1766,498,0 1684,496,1807,546,3
E:\cry\keras-yolo3/VOCdevkit/VOC2007/JPEGImages/839.jpg 1683,464,1742,525,0 1684,496,1807,546,3
E:\cry\keras-yolo3/VOCdevkit/VOC2007/JPEGImages/84.jpg 1572,330,1642,402,0 50,831,256,1043,1 49,1014,118,1043,2
E:\cry\keras-yolo3/VOCdevkit/VOC2007/JPEGImages/840.jpg 1746,503,1806,564,0 1684,496,1807,546,3
E:\cry\keras-yolo3/VOCdevkit/VOC2007/JPEGImages/841.jpg 1715,590,1777,652,0 1684,496,1806,546,3
E:\cry\keras-yolo3/VOCdevkit/VOC2007/JPEGImages/842.jpg 1686,744,1748,807,0 1684,496,1807,546,3
E:\cry\keras-yolo3/VOCdevkit/VOC2007/JPEGImages/843.jpg 1653,915,1708,976,0 1684,496,1807,546,3
E:\cry\keras-yolo3/VOCdevkit/VOC2007/JPEGImages/844.jpg 1616,951,1669,1015,0 1684,496,1807,546,3
E:\cry\keras-yolo3/VOCdevkit/VOC2007/JPEGImages/845.jpg 1572,964,1628,1025,0 1684,496,1806,546,3
E:\cry\keras-yolo3/VOCdevkit/VOC2007/JPEGImages/846.jpg 1521,956,1581,1016,0 1685,496,1807,546,3
E:\cry\keras-yolo3/VOCdevkit/VOC2007/JPEGImages/847.jpg 1472,959,1533,1020,0 1685,495,1807,545,3
E:\cry\keras-yolo3/VOCdevkit/VOC2007/JPEGImages/848.jpg 1424,959,1482,1018,0 1684,496,1806,547,3
E:\cry\keras-yolo3/VOCdevkit/VOC2007/JPEGImages/849.jpg 1377,942,1437,998,0 1684,496,1807,546,3
E:\cry\keras-yolo3/VOCdevkit/VOC2007/JPEGImages/85.jpg 182,822,369,1042,1 323,991,369,1044,2 1474,295,1547,369,0
E:\cry\keras-yolo3/VOCdevkit/VOC2007/JPEGImages/850.jpg 1327,936,1386,994,0 1684,496,1807,547,3
E:\cry\keras-yolo3/VOCdevkit/VOC2007/JPEGImages/851.jpg 1281,931,1339,990,0 1685,497,1805,547,3
E:\cry\keras-yolo3/VOCdevkit/VOC2007/JPEGImages/854.jpg 1154,940,1210,994,0 1684,496,1807,546,3
E:\cry\keras-yolo3/VOCdevkit/VOC2007/JPEGImages/855.jpg 1122,943,1171,994,0 1685,496,1807,546,3
E:\cry\keras-yolo3/VOCdevkit/VOC2007/JPEGImages/856.jpg 1092,945,1142,995,0 1684,497,1805,547,3
E:\cry\keras-yolo3/VOCdevkit/VOC2007/JPEGImages/857.jpg 1070,950,1119,1000,0 1684,496,1807,546,3
E:\cry\keras-yolo3/VOCdevkit/VOC2007/JPEGImages/858.jpg 1054,948,1102,998,0 1685,496,1806,546,3
E:\cry\keras-yolo3/VOCdevkit/VOC2007/JPEGImages/859.jpg 1031,945,1080,993,0 1683,496,1808,547,3
E:\cry\keras-yolo3/VOCdevkit/VOC2007/JPEGImages/86.jpg 1367,446,1439,520,0 299,978,347,1032,2 178,823,348,1032,1
E:\cry\keras-yolo3/VOCdevkit/VOC2007/JPEGImages/861.jpg 988,942,1034,987,0 1684,497,1808,546,3
E:\cry\keras-yolo3/VOCdevkit/VOC2007/JPEGImages/863.jpg 963,926,1006,969,0 1684,497,1807,546,3
E:\cry\keras-yolo3/VOCdevkit/VOC2007/JPEGImages/865.jpg 931,925,971,967,0 1683,496,1807,546,3
E:\cry\keras-yolo3/VOCdevkit/VOC2007/JPEGImages/866.jpg 909,923,950,965,0 1684,496,1806,546,3
E:\cry\keras-yolo3/VOCdevkit/VOC2007/JPEGImages/867.jpg 884,919,926,961,0 1684,497,1807,547,3
E:\cry\keras-yolo3/VOCdevkit/VOC2007/JPEGImages/868.jpg 866,913,907,954,0 1684,496,1806,546,3
E:\cry\keras-yolo3/VOCdevkit/VOC2007/JPEGImages/869.jpg 854,910,895,951,0 1683,497,1807,546,3
E:\cry\keras-yolo3/VOCdevkit/VOC2007/JPEGImages/87.jpg 1264,901,1333,974,0 160,819,236,1080,1
E:\cry\keras-yolo3/VOCdevkit/VOC2007/JPEGImages/870.jpg 849,913,890,954,0 1685,496,1807,547,3
E:\cry\keras-yolo3/VOCdevkit/VOC2007/JPEGImages/871.jpg 849,916,890,958,0 1684,496,1807,547,3
E:\cry\keras-yolo3/VOCdevkit/VOC2007/JPEGImages/872.jpg 853,911,894,953,0 1684,496,1808,547,3
E:\cry\keras-yolo3/VOCdevkit/VOC2007/JPEGImages/873.jpg 854,903,894,945,0 1684,496,1808,547,3
E:\cry\keras-yolo3/VOCdevkit/VOC2007/JPEGImages/874.jpg 857,903,898,945,0 1684,496,1807,546,3
E:\cry\keras-yolo3/VOCdevkit/VOC2007/JPEGImages/875.jpg 871,910,912,952,0 1684,496,1807,547,3
E:\cry\keras-yolo3/VOCdevkit/VOC2007/JPEGImages/876.jpg 898,914,938,955,0 1684,496,1808,546,3
E:\cry\keras-yolo3/VOCdevkit/VOC2007/JPEGImages/877.jpg 933,910,972,951,0 1684,497,1808,547,3
E:\cry\keras-yolo3/VOCdevkit/VOC2007/JPEGImages/878.jpg 973,908,1014,950,0 1685,497,1808,547,3
E:\cry\keras-yolo3/VOCdevkit/VOC2007/JPEGImages/879.jpg 1025,938,1067,980,0 1684,496,1807,546,3
E:\cry\keras-yolo3/VOCdevkit/VOC2007/JPEGImages/880.jpg 827,924,869,966,0 1685,497,1808,547,3
E:\cry\keras-yolo3/VOCdevkit/VOC2007/JPEGImages/881.jpg 1590,773,1642,824,0 1693,503,1816,553,3
E:\cry\keras-yolo3/VOCdevkit/VOC2007/JPEGImages/882.jpg 1623,699,1677,750,0 1693,503,1816,553,3
E:\cry\keras-yolo3/VOCdevkit/VOC2007/JPEGImages/883.jpg 1686,557,1742,612,0 1690,503,1814,553,3
E:\cry\keras-yolo3/VOCdevkit/VOC2007/JPEGImages/884.jpg 1755,461,1810,518,0 1686,499,1810,551,3
E:\cry\keras-yolo3/VOCdevkit/VOC2007/JPEGImages/885.jpg 1728,455,1787,514,0 1685,497,1809,547,3
E:\cry\keras-yolo3/VOCdevkit/VOC2007/JPEGImages/888.jpg 1703,524,1766,587,0 1686,498,1810,549,3
E:\cry\keras-yolo3/VOCdevkit/VOC2007/JPEGImages/889.jpg 1700,574,1765,638,0 1686,497,1809,546,3
E:\cry\keras-yolo3/VOCdevkit/VOC2007/JPEGImages/894.jpg 1720,959,1781,1021,0 1685,498,1808,548,3
E:\cry\keras-yolo3/VOCdevkit/VOC2007/JPEGImages/895.jpg 1726,878,1784,937,0 1685,497,1808,549,3
E:\cry\keras-yolo3/VOCdevkit/VOC2007/JPEGImages/896.jpg 1733,865,1790,922,0 1685,498,1808,547,3
E:\cry\keras-yolo3/VOCdevkit/VOC2007/JPEGImages/897.jpg 1717,893,1749,950,0 1685,497,1809,548,3
E:\cry\keras-yolo3/VOCdevkit/VOC2007/JPEGImages/898.jpg 1686,498,1807,548,3
E:\cry\keras-yolo3/VOCdevkit/VOC2007/JPEGImages/899.jpg 1685,498,1809,548,3
E:\cry\keras-yolo3/VOCdevkit/VOC2007/JPEGImages/9.jpg 342,859,380,908,2 225,860,381,980,1 356,830,434,916,0
E:\cry\keras-yolo3/VOCdevkit/VOC2007/JPEGImages/90.jpg 208,1012,248,1065,2 135,826,249,1066,1 993,723,1063,794,0 1039,766,1156,855,1
E:\cry\keras-yolo3/VOCdevkit/VOC2007/JPEGImages/900.jpg 1590,1011,1642,1065,0
E:\cry\keras-yolo3/VOCdevkit/VOC2007/JPEGImages/902.jpg 1485,976,1541,1030,0
E:\cry\keras-yolo3/VOCdevkit/VOC2007/JPEGImages/903.jpg 1434,934,1487,987,0
E:\cry\keras-yolo3/VOCdevkit/VOC2007/JPEGImages/904.jpg 1388,927,1439,979,0
E:\cry\keras-yolo3/VOCdevkit/VOC2007/JPEGImages/907.jpg 1258,1146,1308,1196,0
E:\cry\keras-yolo3/VOCdevkit/VOC2007/JPEGImages/908.jpg 1236,1055,1285,1104,0
E:\cry\keras-yolo3/VOCdevkit/VOC2007/JPEGImages/910.jpg 1191,1035,1238,1081,0
E:\cry\keras-yolo3/VOCdevkit/VOC2007/JPEGImages/913.jpg 1120,1073,1166,1118,0
E:\cry\keras-yolo3/VOCdevkit/VOC2007/JPEGImages/914.jpg 1090,1089,1134,1133,0
E:\cry\keras-yolo3/VOCdevkit/VOC2007/JPEGImages/915.jpg 1033,1123,1077,1168,0
E:\cry\keras-yolo3/VOCdevkit/VOC2007/JPEGImages/916.jpg 985,1062,1029,1107,0
E:\cry\keras-yolo3/VOCdevkit/VOC2007/JPEGImages/917.jpg 943,1028,986,1073,0
E:\cry\keras-yolo3/VOCdevkit/VOC2007/JPEGImages/918.jpg 907,1003,951,1046,0
E:\cry\keras-yolo3/VOCdevkit/VOC2007/JPEGImages/92.jpg 132,815,299,974,1 261,933,299,969,2 269,963,315,998,2 576,952,659,1038,0 928,908,956,1026,1 927,980,954,1026,2
E:\cry\keras-yolo3/VOCdevkit/VOC2007/JPEGImages/920.jpg 847,973,891,1017,0
E:\cry\keras-yolo3/VOCdevkit/VOC2007/JPEGImages/921.jpg 838,966,881,1009,0
E:\cry\keras-yolo3/VOCdevkit/VOC2007/JPEGImages/922.jpg 836,955,879,997,0
E:\cry\keras-yolo3/VOCdevkit/VOC2007/JPEGImages/923.jpg 834,953,878,996,0
E:\cry\keras-yolo3/VOCdevkit/VOC2007/JPEGImages/924.jpg 834,957,878,999,0
E:\cry\keras-yolo3/VOCdevkit/VOC2007/JPEGImages/925.jpg 839,961,883,1005,0
E:\cry\keras-yolo3/VOCdevkit/VOC2007/JPEGImages/926.jpg 846,955,890,998,0
E:\cry\keras-yolo3/VOCdevkit/VOC2007/JPEGImages/927.jpg 858,946,900,989,0
E:\cry\keras-yolo3/VOCdevkit/VOC2007/JPEGImages/928.jpg 866,942,908,984,0
E:\cry\keras-yolo3/VOCdevkit/VOC2007/JPEGImages/929.jpg 874,936,915,978,0
E:\cry\keras-yolo3/VOCdevkit/VOC2007/JPEGImages/93.jpg 141,819,400,933,1 325,840,400,901,2 396,818,488,912,0 886,986,908,1032,2 887,848,924,1034,1
E:\cry\keras-yolo3/VOCdevkit/VOC2007/JPEGImages/930.jpg 881,932,923,974,0
E:\cry\keras-yolo3/VOCdevkit/VOC2007/JPEGImages/931.jpg 891,930,934,973,0
E:\cry\keras-yolo3/VOCdevkit/VOC2007/JPEGImages/932.jpg 910,922,952,966,0
E:\cry\keras-yolo3/VOCdevkit/VOC2007/JPEGImages/934.jpg 986,963,1029,1006,0
E:\cry\keras-yolo3/VOCdevkit/VOC2007/JPEGImages/935.jpg 1041,1108,1086,1152,0
E:\cry\keras-yolo3/VOCdevkit/VOC2007/JPEGImages/936.jpg 1078,1055,1121,1098,0
E:\cry\keras-yolo3/VOCdevkit/VOC2007/JPEGImages/937.jpg 1110,978,1154,1020,0
E:\cry\keras-yolo3/VOCdevkit/VOC2007/JPEGImages/938.jpg 1152,949,1195,992,0
E:\cry\keras-yolo3/VOCdevkit/VOC2007/JPEGImages/939.jpg 1203,965,1248,1009,0
E:\cry\keras-yolo3/VOCdevkit/VOC2007/JPEGImages/94.jpg 125,829,311,986,1 242,885,313,946,2 265,872,349,962,0 877,858,915,1034,1 878,992,900,1034,2
E:\cry\keras-yolo3/VOCdevkit/VOC2007/JPEGImages/940.jpg 1283,1096,1330,1143,0
E:\cry\keras-yolo3/VOCdevkit/VOC2007/JPEGImages/941.jpg 1335,1078,1384,1124,0
E:\cry\keras-yolo3/VOCdevkit/VOC2007/JPEGImages/942.jpg 1381,983,1428,1029,0
E:\cry\keras-yolo3/VOCdevkit/VOC2007/JPEGImages/943.jpg 1449,922,1496,970,0
E:\cry\keras-yolo3/VOCdevkit/VOC2007/JPEGImages/944.jpg 1497,844,1546,893,0
E:\cry\keras-yolo3/VOCdevkit/VOC2007/JPEGImages/946.jpg 1560,734,1613,786,0
E:\cry\keras-yolo3/VOCdevkit/VOC2007/JPEGImages/947.jpg 1616,626,1670,680,0
E:\cry\keras-yolo3/VOCdevkit/VOC2007/JPEGImages/948.jpg 1699,517,1754,572,0
E:\cry\keras-yolo3/VOCdevkit/VOC2007/JPEGImages/949.jpg 1753,465,1810,523,0
E:\cry\keras-yolo3/VOCdevkit/VOC2007/JPEGImages/95.jpg 133,828,289,1077,1 250,1009,288,1076,2 881,851,916,1026,1
E:\cry\keras-yolo3/VOCdevkit/VOC2007/JPEGImages/950.jpg 1725,482,1787,543,0
E:\cry\keras-yolo3/VOCdevkit/VOC2007/JPEGImages/951.jpg 1672,558,1734,619,0
E:\cry\keras-yolo3/VOCdevkit/VOC2007/JPEGImages/952.jpg 1678,609,1738,670,0
E:\cry\keras-yolo3/VOCdevkit/VOC2007/JPEGImages/953.jpg 1688,716,1748,776,0
E:\cry\keras-yolo3/VOCdevkit/VOC2007/JPEGImages/955.jpg 1704,1115,1759,1174,0
E:\cry\keras-yolo3/VOCdevkit/VOC2007/JPEGImages/956.jpg 1721,1100,1779,1157,0
E:\cry\keras-yolo3/VOCdevkit/VOC2007/JPEGImages/957.jpg 1753,960,1809,1016,0
E:\cry\keras-yolo3/VOCdevkit/VOC2007/JPEGImages/958.jpg 1781,886,1836,941,0
E:\cry\keras-yolo3/VOCdevkit/VOC2007/JPEGImages/96.jpg 112,823,264,1058,1 213,990,266,1058,2 208,998,298,1080,0 866,858,901,1026,1 870,983,897,1024,2
E:\cry\keras-yolo3/VOCdevkit/VOC2007/JPEGImages/960.jpg 1825,907,1866,958,0
E:\cry\keras-yolo3/VOCdevkit/VOC2007/JPEGImages/961.jpg 1807,953,1850,999,0
E:\cry\keras-yolo3/VOCdevkit/VOC2007/JPEGImages/967.jpg 1448,993,1499,1043,0
E:\cry\keras-yolo3/VOCdevkit/VOC2007/JPEGImages/968.jpg 1396,999,1448,1048,0
E:\cry\keras-yolo3/VOCdevkit/VOC2007/JPEGImages/969.jpg 1348,996,1400,1047,0
E:\cry\keras-yolo3/VOCdevkit/VOC2007/JPEGImages/970.jpg 1299,999,1351,1047,0
E:\cry\keras-yolo3/VOCdevkit/VOC2007/JPEGImages/971.jpg 1224,972,1273,1022,0
E:\cry\keras-yolo3/VOCdevkit/VOC2007/JPEGImages/972.jpg 1108,884,1157,933,0
E:\cry\keras-yolo3/VOCdevkit/VOC2007/JPEGImages/973.jpg 998,838,1045,886,0
E:\cry\keras-yolo3/VOCdevkit/VOC2007/JPEGImages/975.jpg 809,842,854,887,0
E:\cry\keras-yolo3/VOCdevkit/VOC2007/JPEGImages/976.jpg 742,833,789,880,0
E:\cry\keras-yolo3/VOCdevkit/VOC2007/JPEGImages/977.jpg 716,841,761,885,0
E:\cry\keras-yolo3/VOCdevkit/VOC2007/JPEGImages/978.jpg 712,866,757,910,0
E:\cry\keras-yolo3/VOCdevkit/VOC2007/JPEGImages/979.jpg 731,899,774,943,0
E:\cry\keras-yolo3/VOCdevkit/VOC2007/JPEGImages/98.jpg 887,863,924,894,2 837,989,857,1023,2 223,1031,284,1077,2 189,1035,226,1079,2 123,828,291,1080,1 836,856,881,1024,1
E:\cry\keras-yolo3/VOCdevkit/VOC2007/JPEGImages/980.jpg 767,928,810,970,0
E:\cry\keras-yolo3/VOCdevkit/VOC2007/JPEGImages/982.jpg 827,942,869,988,0
E:\cry\keras-yolo3/VOCdevkit/VOC2007/JPEGImages/983.jpg 846,935,888,979,0
E:\cry\keras-yolo3/VOCdevkit/VOC2007/JPEGImages/985.jpg 907,941,950,985,0
E:\cry\keras-yolo3/VOCdevkit/VOC2007/JPEGImages/986.jpg 961,1048,1005,1091,0
E:\cry\keras-yolo3/VOCdevkit/VOC2007/JPEGImages/987.jpg 1005,1093,1048,1137,0
E:\cry\keras-yolo3/VOCdevkit/VOC2007/JPEGImages/988.jpg 1035,993,1077,1035,0
E:\cry\keras-yolo3/VOCdevkit/VOC2007/JPEGImages/989.jpg 1075,950,1118,993,0
E:\cry\keras-yolo3/VOCdevkit/VOC2007/JPEGImages/990.jpg 1122,941,1166,984,0
E:\cry\keras-yolo3/VOCdevkit/VOC2007/JPEGImages/991.jpg 1181,967,1226,1013,0
E:\cry\keras-yolo3/VOCdevkit/VOC2007/JPEGImages/992.jpg 1273,1107,1320,1154,0
E:\cry\keras-yolo3/VOCdevkit/VOC2007/JPEGImages/993.jpg 1337,1077,1384,1125,0
E:\cry\keras-yolo3/VOCdevkit/VOC2007/JPEGImages/994.jpg 1393,976,1440,1024,0
E:\cry\keras-yolo3/VOCdevkit/VOC2007/JPEGImages/995.jpg 1461,911,1509,961,0
E:\cry\keras-yolo3/VOCdevkit/VOC2007/JPEGImages/996.jpg 1504,840,1552,889,0
E:\cry\keras-yolo3/VOCdevkit/VOC2007/JPEGImages/998.jpg 1561,743,1614,793,0
E:\cry\keras-yolo3/VOCdevkit/VOC2007/JPEGImages/999.jpg 1611,638,1665,690,0
